target output: [2, 4, 1, 1, 7, 5, 1, 5, 4, 5, 0, 3, 5, 5, 3, 0]
4 Suffix: [0]
45 Suffix: [3, 0]
47 Suffix: [3, 0]
453 Suffix: [5, 3, 0]
4532 Suffix: [5, 5, 3, 0]
45323 Suffix: [3, 5, 5, 3, 0]
453230 Suffix: [0, 3, 5, 5, 3, 0]
453235 Suffix: [0, 3, 5, 5, 3, 0]
4532305 Suffix: [5, 0, 3, 5, 5, 3, 0]
4532353 Suffix: [5, 0, 3, 5, 5, 3, 0]
45323051 Suffix: [4, 5, 0, 3, 5, 5, 3, 0]
45323531 Suffix: [4, 5, 0, 3, 5, 5, 3, 0]
45323535 Suffix: [4, 5, 0, 3, 5, 5, 3, 0]
45323536 Suffix: [4, 5, 0, 3, 5, 5, 3, 0]
453230513 Suffix: [5, 4, 5, 0, 3, 5, 5, 3, 0]
453230515 Suffix: [5, 4, 5, 0, 3, 5, 5, 3, 0]
453235313 Suffix: [5, 4, 5, 0, 3, 5, 5, 3, 0]
453235315 Suffix: [5, 4, 5, 0, 3, 5, 5, 3, 0]
453235353 Suffix: [5, 4, 5, 0, 3, 5, 5, 3, 0]
